1.292096599525619386e+05
1.220757513589968730e+05
1.238912597034426726e+05
1.111108862516295485e+05
1.192318312969904655e+05
1.105181930118184973e+05
1.008597941189590492e+05
9.426674877581554756e+04
1.109517320533056045e+05
1.112665918045055150e+05
1.154424159805675590e+05
1.105778275269757723e+05
1.135078368907678378e+05
1.064715873211593716e+05
1.058533499899837770e+05
1.011857757712695166e+05
1.004960924270762189e+05
1.027495204563696170e+05
9.990308823256083997e+04
9.627726404153057956e+04
9.921233020860882243e+04
1.003000337614916643e+05
9.799175980931258528e+04
9.262239298101344320e+04
9.723077230408260948e+04
9.528612801844607748e+04
9.595182563778768235e+04
9.555455088379148219e+04
9.898073270935910114e+04
9.209814241039803892e+04
8.875108880149354809e+04
9.439016903810550866e+04
8.961654183159713284e+04
9.359703369695176661e+04
9.750449518507547327e+04
9.891601665917091304e+04
9.057810938481779885e+04
8.896012779820640571e+04
8.830654913294395374e+04
8.899870809841358277e+04
9.757752638115645095e+04
1.017824555109931098e+05
9.983214181404991541e+04
9.452514556892169639e+04
9.521909660169416748e+04
9.386342021658863814e+04
9.867559831356849463e+04
9.415721478707528149e+04
1.006066869371288776e+05
9.094592247402727662e+04
8.646316768690088065e+04
9.240643351146137866e+04
9.462816211661613488e+04
9.091197812296880875e+04
9.246441734385718883e+04
8.658701404923512018e+04
8.315340109494391072e+04
8.810578099377173930e+04
8.652602146959588572e+04
8.300737807001150213e+04
7.812368235673125309e+04
7.935024128478347848e+04
7.854807833264181681e+04
8.462246019301253546e+04
8.862753646652528550e+04
7.795821022191832890e+04
7.846007728804374347e+04
8.006151790051076387e+04
8.692073887547702179e+04
8.927310844012022426e+04
8.447641629691586422e+04
8.303401983605016721e+04
8.082467088890520972e+04
8.200408750736396178e+04
8.312224766810599249e+04
8.378032503064165940e+04
8.317107737504107354e+04
8.178434781187458429e+04
8.346056378261835198e+04
8.124224161964506493e+04
7.802525824909411313e+04
7.572898742335521092e+04
7.726049973761872388e+04
7.758461293551199196e+04
8.092639117644942598e+04
8.445526461288174323e+04
8.607712129933816323e+04
8.950222882824242697e+04
8.500646451244303898e+04
7.973169754537938570e+04
7.499142069763252221e+04
7.438908785166250891e+04
7.456538362755847629e+04
6.656013258754392155e+04
6.690989102396924864e+04
6.467661403917410644e+04
6.052889851755640120e+04
6.224886162193073687e+04
6.256882719000394718e+04
6.459309860111129819e+04
6.456303261821597698e+04
6.500585266287313425e+04
6.493963528833336022e+04
6.477769624502145598e+04
6.617745994229592907e+04
6.442305514576818678e+04
6.321865785087936092e+04
6.042479608348829788e+04
5.845502064709761180e+04
5.920512557427622232e+04
5.818353196869083331e+04
5.806281602622876380e+04
5.925451268509398506e+04
6.022600068731958163e+04
6.375611094609889551e+04
6.314653713059803704e+04
6.311924000866420101e+04
6.300562157584222587e+04
6.299808611952492356e+04
6.119287820958940574e+04
6.053452714884354646e+04
5.841905727201584523e+04
5.998314226445556415e+04
5.970110714741686388e+04
5.838115688610452344e+04
6.041559502544275165e+04
6.030715442702054861e+04
6.009608885556524183e+04
5.952876033193658805e+04
5.938796569142876979e+04
5.924439671566647303e+04
5.973021505079277995e+04
5.916829192972785677e+04
5.910622010116141610e+04
6.004546075831288181e+04
6.041578956489028496e+04
5.948298197369612171e+04
6.202649026534362201e+04
6.318836243046638992e+04
6.405302448652962630e+04
6.118382085259090672e+04
6.060589137000754999e+04
5.979865507623848680e+04
5.971223603263503173e+04
5.919036691355321091e+04
5.794779933497387537e+04
5.943352808367861144e+04
5.880607434749808453e+04
5.771512842722464120e+04
5.879570371589668503e+04
5.688015178460362222e+04
5.604228773164081213e+04
5.733027457310346654e+04
5.802009501847484353e+04
5.686211677988136216e+04
5.571924707810569089e+04
5.463342700835220603e+04
5.416130858589595300e+04
5.407514100162151590e+04
5.403861793038817268e+04
5.377964183952275926e+04
5.399960583140763629e+04
5.497283412537880940e+04
5.529337729557479906e+04
5.495350989516190748e+04
5.366188125236162887e+04
5.355563982245702937e+04
5.200534226854663575e+04
5.284970171847476740e+04
5.284970171847476740e+04
5.190512427138542262e+04
5.243536264806699910e+04
5.143168828445628606e+04
5.086063779831537249e+04
5.061863233034541918e+04
5.049203979511438956e+04
4.961291557100505452e+04
4.900453954819541832e+04
4.881294947843567934e+04
4.994669661321434978e+04
5.048391558490251191e+04
5.088961241761765268e+04
5.111491661903006025e+04
5.015942354188892932e+04
4.888582967190827185e+04
4.861087817831742723e+04
4.859278589757134614e+04
4.804176559238318441e+04
4.698735420766323659e+04
4.643997367308547109e+04
4.719462636595649383e+04
4.681881834362621157e+04
4.700533596509932977e+04
4.733225334354804363e+04
4.661760033017823298e+04
4.630006230554451759e+04
4.625813205247670703e+04
4.589235915192594985e+04
4.592197917251299077e+04
4.633367030871019961e+04
4.680213028484515235e+04
4.652472056254131166e+04
4.651437729400324315e+04
4.560981674145776196e+04
4.549592263453135820e+04
4.500275607586290425e+04
4.495342353408268536e+04
4.549342107648090314e+04
4.529055747646746750e+04
4.511722370129929914e+04
4.392605000158055918e+04
4.327754636213442427e+04
4.299480775017128326e+04
4.199538023688001704e+04
4.226028715734798607e+04
4.202719873804291274e+04
4.206433703965072345e+04
4.171485219324423088e+04
4.168537489849158010e+04
4.144829048582581163e+04
4.117701388265495189e+04
4.074678346197489736e+04
4.074678346197489736e+04
4.086885670473644132e+04
4.071244028039818659e+04
4.072023503842982609e+04
4.047717564034389216e+04
4.003638848965827492e+04
4.009073180413496448e+04
3.983156204794195946e+04
4.013770840353719541e+04
4.013770840353719541e+04
3.980312166446157789e+04
3.987985275624766655e+04
3.911698669588804478e+04
3.900257352388590516e+04
3.895557045873993775e+04
3.898146563203085680e+04
3.895183705491697765e+04
3.913933959480770136e+04
3.899385446146194590e+04
3.856468818033960997e+04
3.859097579832136398e+04
3.859097579832136398e+04
3.840012584870956198e+04
3.833598012109847332e+04
3.833598012109847332e+04
3.820388507194285194e+04
3.790690371181991213e+04
3.746539346492992627e+04
3.756184547708558239e+04
3.756361815793196729e+04
3.755466296432648232e+04
3.748213498161967436e+04
3.750084344667699770e+04
3.751821304046861042e+04
3.779682469370954641e+04
3.783845714232845785e+04
3.796570063258676237e+04
3.761868213388126605e+04
3.752820343519324524e+04
3.735327808652908425e+04
3.739713614133412921e+04
3.739713614133412921e+04
3.759366032912271476e+04
3.748939565728153684e+04
3.747201134651534085e+04
3.747827627898220817e+04
3.754274542174952512e+04
3.746789481291605625e+04
3.735625014423661196e+04
3.744083920743672934e+04
3.679434509241821797e+04
3.646529637791193090e+04
3.629260864964089706e+04
3.634158384199972352e+04
3.631955024825264263e+04
3.631955024825264263e+04
3.631955024825264263e+04
3.631955024825264263e+04
3.591080476625097799e+04
3.574794031108151830e+04
3.555264213463883789e+04
3.549599605646185955e+04
3.532060283877873735e+04
3.519341211332261446e+04
3.519341211332261446e+04
3.518583939780061337e+04
3.517196941044524283e+04
3.527829765126946586e+04
3.527829765126946586e+04
3.523957107813037146e+04
3.516145907605445245e+04
3.516145907605445245e+04
3.516145907605445245e+04
3.516145907605445245e+04
3.508038148775387526e+04
3.490501818602606363e+04
3.489646864001170616e+04
3.479014039918749040e+04
3.478202440767491498e+04
3.478202440767491498e+04
3.492484742240054038e+04
3.486026239803573117e+04
3.486026239803573117e+04
3.484739957788323954e+04
3.484739957788323954e+04
3.484739957788323954e+04
3.484739957788323954e+04
3.483930359805408079e+04
3.483676007836668578e+04
3.488364897212925280e+04
3.488364897212925280e+04
3.479726517396472627e+04
3.440817737719842262e+04
3.440817737719842262e+04
3.389088568023336120e+04
3.387571977658811375e+04
3.382942952458465152e+04
3.382942952458465152e+04
3.382942952458465152e+04
3.384229234473714314e+04
3.388790801746108627e+04
3.381691961009996157e+04
3.381691961009996157e+04
3.381691961009996157e+04
3.369491694745307177e+04
3.369491694745307177e+04
3.364469692925826530e+04
3.364469692925826530e+04
3.340705894398229429e+04
3.340705894398229429e+04
3.284888878246046806e+04
3.284888878246046806e+04
3.284888878246046806e+04
3.295073488058944349e+04
3.301768112037812534e+04
3.301768112037812534e+04
3.298878855428345560e+04
3.298878855428345560e+04
3.303900857247825479e+04
3.303900857247825479e+04
3.302130630902917619e+04
3.302130630902917619e+04
3.280009760912697675e+04
3.280009760912697675e+04
3.282093520088921650e+04
3.282093520088921650e+04
3.281132891726930393e+04
3.283572995106809685e+04
3.283572995106809685e+04
3.292211374923263065e+04
3.291186148702166247e+04
3.296549228318651149e+04
3.300149110180345451e+04
3.300563880089420854e+04
3.300563880089420854e+04
3.300563880089420854e+04
3.299696066746871657e+04
3.303750503334586392e+04
3.303750503334586392e+04
3.300150621472892817e+04
3.300150621472892817e+04
3.300150621472892817e+04
3.300150621472892817e+04
3.303900775246148987e+04
3.306328182306784583e+04
3.305140997855005116e+04
3.305140997855005116e+04
3.305642331417990499e+04
3.305642331417990499e+04
3.297459104948124877e+04
3.297459104948124877e+04
3.285674303286347276e+04
3.285674303286347276e+04
3.285674303286347276e+04
3.285674303286347276e+04
3.285674303286347276e+04
3.295352228374261176e+04
3.292376408135187376e+04
3.281355900245244266e+04
3.281355900245244266e+04
3.281355900245244266e+04
3.281355900245244266e+04
3.281355900245244266e+04
3.266709727407057289e+04
3.266709727407057289e+04
3.266709727407057289e+04
3.266709727407057289e+04
3.260691775895929095e+04
3.260691775895929095e+04
3.262741882584954510e+04
3.261854582884451156e+04
3.250455334196851982e+04
3.250455334196851982e+04
3.250455334196851982e+04
3.250455334196851982e+04
3.250455334196851982e+04
3.250455334196851982e+04
3.250455334196851982e+04
3.250455334196851982e+04
3.250455334196851982e+04
3.250455334196851982e+04
3.250455334196851982e+04
3.250455334196851982e+04
3.250455334196851982e+04
3.250455334196851982e+04
3.250455334196851982e+04
3.250455334196851982e+04
3.250455334196851982e+04
3.247086284727588281e+04
3.247086284727588281e+04
3.242986393558327472e+04
3.242986393558327472e+04
3.242986393558327472e+04
3.242986393558327472e+04
3.242986393558327472e+04
3.242986393558327472e+04
3.242986393558327472e+04
3.242986393558327472e+04
3.242986393558327472e+04
3.242986393558327472e+04
3.242986393558327472e+04
3.242986393558327472e+04
3.229572183760966072e+04
3.229572183760966072e+04
3.229572183760966072e+04
3.216891069123785201e+04
3.216891069123785201e+04
3.216891069123785201e+04
3.216891069123785201e+04
3.211527989507299571e+04
3.211527989507299571e+04
3.213477093026473813e+04
3.213477093026473813e+04
3.213477093026473813e+04
3.213477093026473813e+04
3.213477093026473813e+04
3.213477093026473813e+04
3.213477093026473813e+04
3.213477093026473813e+04
3.213477093026473813e+04
3.213477093026473813e+04
3.213477093026473813e+04
3.213477093026473813e+04
3.213477093026473813e+04
3.213477093026473813e+04
3.213477093026473813e+04
3.213477093026473813e+04
3.213477093026473813e+04
3.213477093026473813e+04
3.213477093026473813e+04
3.213477093026473813e+04
3.213477093026473813e+04
3.213477093026473813e+04
3.213477093026473813e+04
3.213477093026473813e+04
3.213477093026473813e+04
3.213477093026473813e+04
3.213477093026473813e+04
3.213477093026473813e+04
3.197628088400404158e+04
3.197628088400404158e+04
3.197628088400404158e+04
3.197628088400404158e+04
3.194449805673098672e+04
3.194449805673098672e+04
3.194449805673098672e+04
3.194449805673098672e+04
3.194449805673098672e+04
3.194449805673098672e+04
3.194449805673098672e+04
3.194449805673098672e+04
3.194449805673098672e+04
3.194449805673098672e+04
3.194449805673098672e+04
3.194449805673098672e+04
3.194449805673098672e+04
3.194449805673098672e+04
3.194717080527588041e+04
3.194717080527588041e+04
3.194717080527588041e+04
3.194466260327201962e+04
3.194466260327201962e+04
3.194466260327201962e+04
3.194466260327201962e+04
3.194466260327201962e+04
3.194466260327201962e+04
3.194466260327201962e+04
3.194466260327201962e+04
3.194466260327201962e+04
3.194466260327201962e+04
3.194466260327201962e+04
3.194466260327201962e+04
3.194466260327201962e+04
3.194466260327201962e+04
3.194466260327201962e+04
3.194466260327201962e+04
3.194466260327201962e+04
3.194466260327201962e+04
3.194466260327201962e+04
3.194466260327201962e+04
3.194466260327201962e+04
3.194466260327201962e+04
3.190792673153759461e+04
3.190792673153759461e+04
3.190792673153759461e+04
3.190792673153759461e+04
3.189712529126847585e+04
3.189712529126847585e+04
3.189712529126847585e+04
3.189712529126847585e+04
3.189712529126847585e+04
3.189712529126847585e+04
3.189712529126847585e+04
3.189712529126847585e+04
3.189712529126847585e+04
3.189712529126847585e+04
3.189712529126847585e+04
3.189712529126847585e+04
3.189712529126847585e+04
3.189712529126847585e+04
3.189712529126847585e+04
3.189712529126847585e+04
3.189712529126847585e+04
3.189712529126847585e+04
3.189820353024187716e+04
3.189820353024187716e+04
3.190534742591440954e+04
3.190534742591440954e+04
3.190534742591440954e+04
3.190534742591440954e+04
3.190534742591440954e+04
3.190534742591440954e+04
3.190534742591440954e+04
3.190534742591440954e+04
3.176551575938952374e+04
3.176551575938952374e+04
3.176551575938952374e+04
3.175837186371699136e+04
3.175837186371699136e+04
3.175837186371699136e+04
3.175837186371699136e+04
3.175837186371699136e+04
3.175837186371699136e+04
3.175837186371699136e+04
3.175837186371699136e+04
3.175837186371699136e+04
3.175837186371699136e+04
3.175837186371699136e+04
3.175837186371699136e+04
3.175837186371699136e+04
3.175837186371699136e+04
3.175269704886486215e+04
3.175269704886486215e+04
3.175269704886486215e+04
3.175269704886486215e+04
3.175269704886486215e+04
3.175269704886486215e+04
3.175269704886486215e+04
3.175269704886486215e+04
3.175269704886486215e+04
3.175269704886486215e+04
3.175269704886486215e+04
3.175269704886486215e+04
3.175269704886486215e+04
3.175269704886486215e+04
3.175269704886486215e+04
3.175269704886486215e+04
3.175269704886486215e+04
3.150762743746399428e+04
3.150762743746399428e+04
3.150762743746399428e+04
3.150762743746399428e+04
3.150762743746399428e+04
3.150762743746399428e+04
3.150762743746399428e+04
3.150762743746399428e+04
3.150762743746399428e+04
3.150762743746399428e+04
3.150762743746399428e+04
3.150762743746399428e+04
3.150762743746399428e+04
3.150762743746399428e+04
3.150762743746399428e+04
3.150654919849059297e+04
3.150762743746399428e+04
3.150762743746399428e+04
3.150762743746399428e+04
3.150762743746399428e+04
3.150762743746399428e+04
3.150654919849059297e+04
3.150654919849059297e+04
3.150654919849059297e+04
3.143541671205523380e+04
3.143541671205523380e+04
3.143541671205523380e+04
3.143541671205523380e+04
3.143541671205523380e+04
3.143541671205523380e+04
3.143541671205523380e+04
3.143541671205523380e+04
3.143541671205523380e+04
3.137265841240368536e+04
3.137265841240368536e+04
3.137265841240368536e+04
3.137265841240368536e+04
3.137265841240368536e+04
3.137265841240368536e+04
3.137265841240368536e+04
3.137265841240368536e+04
3.137265841240368536e+04
3.137265841240368536e+04
3.137265841240368536e+04
3.137265841240368536e+04
3.137265841240368536e+04
3.137265841240368536e+04
3.137265841240368536e+04
3.137265841240368536e+04
3.137265841240368536e+04
3.137265841240368536e+04
3.137265841240368536e+04
3.137265841240368536e+04
3.137265841240368536e+04
3.137265841240368536e+04
3.137265841240368536e+04
3.137265841240368536e+04
3.137265841240368536e+04
3.137265841240368536e+04
3.137265841240368536e+04
3.137265841240368536e+04
3.137373665137708667e+04
3.137373665137708667e+04
3.137373665137708667e+04
3.137373665137708667e+04
3.137373665137708667e+04
3.137373665137708667e+04
3.137373665137708667e+04
3.137373665137708667e+04
3.137373665137708667e+04
3.137373665137708667e+04
3.137373665137708667e+04
3.137373665137708667e+04
3.137373665137708667e+04
3.137373665137708667e+04
3.137373665137708667e+04
3.137373665137708667e+04
3.137373665137708667e+04
3.137373665137708667e+04
3.137373665137708667e+04
3.137373665137708667e+04
3.137373665137708667e+04
3.137373665137708667e+04
3.137373665137708667e+04
3.137373665137708667e+04
3.137373665137708667e+04
3.137373665137708667e+04
3.137373665137708667e+04
3.137373665137708667e+04
3.137373665137708667e+04
3.137373665137708667e+04
3.137373665137708667e+04
3.137373665137708667e+04
3.137373665137708667e+04
3.137373665137708667e+04
3.137373665137708667e+04
3.137373665137708667e+04
3.137373665137708667e+04
3.137373665137708667e+04
3.137373665137708667e+04
3.137373665137708667e+04
3.137373665137708667e+04
3.137373665137708667e+04
3.137373665137708667e+04
3.137373665137708667e+04
3.137373665137708667e+04
3.137373665137708667e+04
3.137373665137708667e+04
3.137373665137708667e+04
3.137373665137708667e+04
3.137373665137708667e+04
3.137373665137708667e+04
3.137373665137708667e+04
3.137373665137708667e+04
3.137373665137708667e+04
3.137373665137708667e+04
3.137373665137708667e+04
3.137373665137708667e+04
3.137373665137708667e+04
3.137373665137708667e+04
3.137373665137708667e+04
3.137373665137708667e+04
3.137373665137708667e+04
3.137373665137708667e+04
3.137373665137708667e+04
3.137373665137708667e+04
3.137373665137708667e+04
3.137373665137708667e+04
3.137373665137708667e+04
3.137373665137708667e+04
3.137373665137708667e+04
3.137373665137708667e+04
3.137373665137708667e+04
3.137373665137708667e+04
3.137373665137708667e+04
3.137373665137708667e+04
3.137373665137708667e+04
3.137373665137708667e+04
3.137373665137708667e+04
3.137373665137708667e+04
3.137373665137708667e+04
3.137373665137708667e+04
3.137373665137708667e+04
3.137373665137708667e+04
3.137373665137708667e+04
3.137373665137708667e+04
3.137373665137708667e+04
3.137373665137708667e+04
3.137373665137708667e+04
3.137373665137708667e+04
3.137373665137708667e+04
3.137373665137708667e+04
3.137373665137708667e+04
3.137373665137708667e+04
3.137373665137708667e+04
3.137373665137708667e+04
3.137373665137708667e+04
3.137373665137708667e+04
3.137373665137708667e+04
3.137373665137708667e+04
3.137373665137708667e+04
3.137373665137708667e+04
3.137373665137708667e+04
3.137373665137708667e+04
3.137373665137708667e+04
3.137373665137708667e+04
3.137373665137708667e+04
3.137373665137708667e+04
3.137373665137708667e+04
3.137373665137708667e+04
3.137373665137708667e+04
3.137373665137708667e+04
3.137373665137708667e+04
3.137373665137708667e+04
3.137373665137708667e+04
3.137373665137708667e+04
3.137373665137708667e+04
3.137373665137708667e+04
3.137373665137708667e+04
3.137373665137708667e+04
3.137373665137708667e+04
3.137373665137708667e+04
3.137373665137708667e+04
3.137373665137708667e+04
3.137373665137708667e+04
3.137373665137708667e+04
3.137373665137708667e+04
3.137373665137708667e+04
3.137265841240368536e+04
3.137265841240368536e+04
3.137265841240368536e+04
3.137265841240368536e+04
3.137265841240368536e+04
3.137265841240368536e+04
3.137265841240368536e+04
3.137265841240368536e+04
3.137265841240368536e+04
3.137265841240368536e+04
3.137265841240368536e+04
3.137265841240368536e+04
3.137265841240368536e+04
3.137265841240368536e+04
3.137265841240368536e+04
3.137265841240368536e+04
3.137265841240368536e+04
3.137265841240368536e+04
3.137265841240368536e+04
3.137265841240368536e+04
3.137265841240368536e+04
3.137265841240368536e+04
3.137265841240368536e+04
3.137265841240368536e+04
3.137265841240368536e+04
3.137265841240368536e+04
3.137265841240368536e+04
3.137265841240368536e+04
3.137265841240368536e+04
3.137265841240368536e+04
3.137265841240368536e+04
3.137265841240368536e+04
3.137265841240368536e+04
3.137265841240368536e+04
3.137265841240368536e+04
3.137265841240368536e+04
3.137265841240368536e+04
3.137265841240368536e+04
3.137265841240368536e+04
3.137265841240368536e+04
3.137265841240368536e+04
3.137265841240368536e+04
3.137265841240368536e+04
3.137265841240368536e+04
3.137265841240368536e+04
3.137265841240368536e+04
3.137265841240368536e+04
3.137265841240368536e+04
3.137265841240368536e+04
3.137265841240368536e+04
3.137265841240368536e+04
3.137265841240368536e+04
3.137265841240368536e+04
3.137265841240368536e+04
3.137265841240368536e+04
3.137265841240368536e+04
3.137265841240368536e+04
3.137265841240368536e+04
3.137265841240368536e+04
3.137265841240368536e+04
3.137265841240368536e+04
3.137265841240368536e+04
3.137265841240368536e+04
3.137265841240368536e+04
3.137265841240368536e+04
3.137265841240368536e+04
3.137265841240368536e+04
3.137265841240368536e+04
3.137265841240368536e+04
3.137265841240368536e+04
3.137265841240368536e+04
3.137265841240368536e+04
3.137265841240368536e+04
3.137265841240368536e+04
3.137265841240368536e+04
3.137265841240368536e+04
3.137265841240368536e+04
3.137265841240368536e+04
3.137265841240368536e+04
3.137265841240368536e+04
3.137265841240368536e+04
3.137265841240368536e+04
3.137265841240368536e+04
3.137265841240368536e+04
3.137265841240368536e+04
3.137265841240368536e+04
3.137265841240368536e+04
3.137265841240368536e+04
3.137265841240368536e+04
3.137265841240368536e+04
3.137265841240368536e+04
3.137265841240368536e+04
3.137265841240368536e+04
3.137265841240368536e+04
3.137265841240368536e+04
3.137265841240368536e+04
3.137265841240368536e+04
3.137265841240368536e+04
3.137265841240368536e+04
3.137265841240368536e+04
3.137265841240368536e+04
3.137265841240368536e+04
3.137265841240368536e+04
3.137265841240368536e+04
3.137265841240368536e+04
3.137265841240368536e+04
3.137265841240368536e+04
3.137265841240368536e+04
3.137265841240368536e+04
3.137265841240368536e+04
3.137265841240368536e+04
3.137265841240368536e+04
3.137265841240368536e+04
3.137265841240368536e+04
3.137265841240368536e+04
3.137265841240368536e+04
3.137265841240368536e+04
3.137265841240368536e+04
3.137265841240368536e+04
3.137265841240368536e+04
3.137265841240368536e+04
3.137265841240368536e+04
3.137265841240368536e+04
3.137265841240368536e+04
3.137265841240368536e+04
3.137265841240368536e+04
3.137265841240368536e+04
3.137265841240368536e+04
3.137265841240368536e+04
3.137265841240368536e+04
3.137265841240368536e+04
3.137265841240368536e+04
3.137265841240368536e+04
3.137265841240368536e+04
3.137265841240368536e+04
3.137265841240368536e+04
3.137265841240368536e+04
3.137265841240368536e+04
3.137265841240368536e+04
3.137265841240368536e+04
3.137265841240368536e+04
3.137265841240368536e+04
3.137265841240368536e+04
3.137265841240368536e+04
3.137265841240368536e+04
3.137265841240368536e+04
3.137265841240368536e+04
3.137265841240368536e+04
3.137265841240368536e+04
3.137265841240368536e+04
3.137265841240368536e+04
3.137265841240368536e+04
3.137265841240368536e+04
3.137265841240368536e+04
3.137265841240368536e+04
3.137265841240368536e+04
3.137265841240368536e+04
3.137265841240368536e+04
3.137265841240368536e+04
3.137265841240368536e+04
3.137265841240368536e+04
3.137265841240368536e+04
3.137265841240368536e+04
3.137265841240368536e+04
3.137265841240368536e+04
3.137265841240368536e+04
3.137265841240368536e+04
3.137265841240368536e+04
3.137265841240368536e+04
3.137265841240368536e+04
3.137265841240368536e+04
3.137265841240368536e+04
3.137265841240368536e+04
3.137265841240368536e+04
3.137265841240368536e+04
3.137265841240368536e+04
3.137265841240368536e+04
3.137265841240368536e+04
3.137265841240368536e+04
3.137265841240368536e+04
3.137265841240368536e+04
3.137265841240368536e+04
3.137265841240368536e+04
3.137265841240368536e+04
3.137265841240368536e+04
3.137265841240368536e+04
3.137265841240368536e+04
3.137265841240368536e+04
3.137265841240368536e+04
3.137265841240368536e+04
3.137265841240368536e+04
3.137265841240368536e+04
3.137265841240368536e+04
3.137265841240368536e+04
3.137265841240368536e+04
3.137265841240368536e+04
3.137265841240368536e+04
3.137265841240368536e+04
3.137265841240368536e+04
3.137265841240368536e+04
3.137265841240368536e+04
3.137265841240368536e+04
3.137265841240368536e+04
3.137265841240368536e+04
3.137265841240368536e+04
3.137265841240368536e+04
3.137265841240368536e+04
3.137265841240368536e+04
3.137265841240368536e+04
3.137265841240368536e+04
3.137265841240368536e+04
3.137265841240368536e+04
3.137265841240368536e+04
3.137265841240368536e+04
3.137265841240368536e+04
3.137265841240368536e+04
3.137265841240368536e+04
3.137265841240368536e+04
3.137265841240368536e+04
3.137265841240368536e+04
3.137265841240368536e+04
3.137265841240368536e+04
3.137265841240368536e+04
3.137265841240368536e+04
3.137265841240368536e+04
3.137265841240368536e+04
3.137265841240368536e+04
3.137265841240368536e+04
3.137265841240368536e+04
3.137265841240368536e+04
3.137265841240368536e+04
3.137265841240368536e+04
3.137265841240368536e+04
3.137265841240368536e+04
3.137265841240368536e+04
3.137265841240368536e+04
3.137265841240368536e+04
3.137265841240368536e+04
3.137265841240368536e+04
3.137265841240368536e+04
3.137265841240368536e+04
3.137265841240368536e+04
3.137265841240368536e+04
3.137265841240368536e+04
3.137265841240368536e+04
3.137265841240368536e+04
3.137265841240368536e+04
3.137265841240368536e+04
3.137265841240368536e+04
3.137265841240368536e+04
3.137265841240368536e+04
3.137265841240368536e+04
3.137265841240368536e+04
3.137265841240368536e+04
3.137265841240368536e+04
3.137265841240368536e+04
3.137265841240368536e+04
3.137265841240368536e+04
3.137265841240368536e+04
3.137265841240368536e+04
3.137265841240368536e+04
3.137265841240368536e+04
3.137265841240368536e+04
3.137265841240368536e+04
3.137265841240368536e+04
3.137265841240368536e+04
3.137265841240368536e+04
3.137265841240368536e+04
3.137265841240368536e+04
3.137265841240368536e+04
3.137265841240368536e+04
3.137265841240368536e+04
3.137265841240368536e+04
3.137265841240368536e+04
3.137265841240368536e+04
3.137265841240368536e+04
3.137265841240368536e+04
3.137265841240368536e+04
3.137265841240368536e+04
3.137265841240368536e+04
3.137265841240368536e+04
3.137265841240368536e+04
3.137265841240368536e+04
3.137265841240368536e+04
3.137265841240368536e+04
3.137265841240368536e+04
3.137265841240368536e+04
3.137265841240368536e+04
3.137265841240368536e+04
3.137265841240368536e+04
3.137265841240368536e+04
3.137265841240368536e+04
3.137265841240368536e+04
3.137265841240368536e+04
3.137265841240368536e+04
3.137265841240368536e+04
3.137265841240368536e+04
3.137265841240368536e+04
3.137265841240368536e+04
3.137265841240368536e+04
3.137265841240368536e+04
3.137265841240368536e+04
3.137265841240368536e+04
3.137265841240368536e+04
3.137265841240368536e+04
3.137265841240368536e+04
3.137265841240368536e+04
3.137265841240368536e+04
3.137265841240368536e+04
3.137265841240368536e+04
3.137265841240368536e+04
3.137265841240368536e+04
3.137265841240368536e+04
3.137265841240368536e+04
3.137265841240368536e+04
3.137265841240368536e+04
3.137265841240368536e+04
3.137265841240368536e+04
3.137265841240368536e+04
3.137265841240368536e+04
3.137265841240368536e+04
3.137265841240368536e+04
3.137265841240368536e+04
3.137265841240368536e+04
3.137265841240368536e+04
3.137265841240368536e+04
3.137265841240368536e+04
3.137265841240368536e+04
3.137265841240368536e+04
3.137265841240368536e+04
3.137265841240368536e+04
3.137265841240368536e+04
3.137265841240368536e+04
3.137265841240368536e+04
3.137265841240368536e+04
3.137265841240368536e+04
3.137265841240368536e+04
3.137265841240368536e+04
3.137265841240368536e+04
3.137265841240368536e+04
3.137265841240368536e+04
3.137265841240368536e+04
3.137265841240368536e+04
3.137265841240368536e+04
3.137265841240368536e+04
3.137265841240368536e+04
3.137265841240368536e+04
3.137265841240368536e+04
3.137265841240368536e+04
3.137265841240368536e+04
3.137265841240368536e+04
3.137265841240368536e+04
3.137265841240368536e+04
3.137265841240368536e+04
3.137265841240368536e+04
3.137265841240368536e+04
3.137265841240368536e+04
3.137265841240368536e+04
3.137265841240368536e+04
3.137265841240368536e+04
3.137265841240368536e+04
3.137265841240368536e+04
3.137265841240368536e+04
3.137265841240368536e+04
3.137265841240368536e+04
3.137265841240368536e+04
3.137265841240368536e+04
3.137265841240368536e+04
3.137265841240368536e+04
3.137265841240368536e+04
3.137265841240368536e+04
3.137265841240368536e+04
3.137265841240368536e+04
3.137265841240368536e+04
3.137265841240368536e+04
3.137265841240368536e+04
3.137265841240368536e+04
3.137265841240368536e+04
3.137265841240368536e+04
3.137265841240368536e+04
3.137265841240368536e+04
3.137265841240368536e+04
3.137265841240368536e+04
3.137265841240368536e+04
3.137265841240368536e+04
3.137265841240368536e+04
3.137265841240368536e+04
3.137265841240368536e+04
3.137265841240368536e+04
3.137265841240368536e+04
3.137265841240368536e+04
3.137265841240368536e+04
3.137265841240368536e+04
3.137265841240368536e+04
3.137265841240368536e+04
3.137265841240368536e+04
3.137265841240368536e+04
3.137265841240368536e+04
3.137265841240368536e+04
3.137265841240368536e+04
3.137265841240368536e+04
3.137265841240368536e+04
3.137265841240368536e+04
3.137265841240368536e+04
3.137265841240368536e+04
3.137265841240368536e+04
3.137265841240368536e+04
3.137265841240368536e+04
3.137265841240368536e+04
3.137265841240368536e+04
3.137265841240368536e+04
3.137265841240368536e+04
3.137265841240368536e+04
3.137265841240368536e+04
3.137265841240368536e+04
3.137265841240368536e+04
3.137265841240368536e+04
3.137265841240368536e+04
3.137265841240368536e+04
3.137265841240368536e+04
3.137265841240368536e+04
3.137265841240368536e+04
3.137265841240368536e+04
3.137265841240368536e+04
3.137265841240368536e+04
3.137265841240368536e+04
3.137265841240368536e+04
3.137265841240368536e+04
3.137265841240368536e+04
3.137265841240368536e+04
3.137265841240368536e+04
3.137265841240368536e+04
3.137265841240368536e+04
3.137265841240368536e+04
3.137265841240368536e+04
3.137265841240368536e+04
3.137265841240368536e+04
3.137265841240368536e+04
3.137265841240368536e+04
3.137265841240368536e+04
3.137265841240368536e+04
3.137265841240368536e+04
3.137265841240368536e+04
3.137265841240368536e+04
3.137265841240368536e+04
3.137265841240368536e+04
3.137265841240368536e+04
3.137265841240368536e+04
3.137265841240368536e+04
3.137265841240368536e+04
3.137265841240368536e+04
3.137265841240368536e+04
3.137265841240368536e+04
3.137265841240368536e+04
3.137265841240368536e+04
3.137265841240368536e+04
3.137265841240368536e+04
3.137265841240368536e+04
3.137265841240368536e+04
3.137265841240368536e+04
3.137265841240368536e+04
3.137265841240368536e+04
3.137265841240368536e+04
3.137265841240368536e+04
3.137265841240368536e+04
3.137265841240368536e+04
3.137265841240368536e+04
3.137265841240368536e+04
3.137265841240368536e+04
3.137265841240368536e+04
3.137265841240368536e+04
3.137265841240368536e+04
3.137265841240368536e+04
3.137265841240368536e+04
3.137265841240368536e+04
3.137265841240368536e+04
3.137265841240368536e+04
3.137265841240368536e+04
3.137265841240368536e+04
3.137265841240368536e+04
3.137265841240368536e+04
3.137265841240368536e+04
3.137265841240368536e+04
3.137265841240368536e+04
3.137265841240368536e+04
3.137265841240368536e+04
3.137265841240368536e+04
3.137265841240368536e+04
3.137265841240368536e+04
3.137265841240368536e+04
3.137265841240368536e+04
3.137265841240368536e+04
3.137265841240368536e+04
3.137265841240368536e+04
3.137265841240368536e+04
3.137265841240368536e+04
3.137265841240368536e+04
3.137265841240368536e+04
3.137265841240368536e+04
3.137265841240368536e+04
3.137265841240368536e+04
3.137265841240368536e+04
3.137265841240368536e+04
3.137265841240368536e+04
3.137265841240368536e+04
3.137265841240368536e+04
3.137265841240368536e+04
3.137265841240368536e+04
3.137265841240368536e+04
3.137265841240368536e+04
3.137265841240368536e+04
3.137265841240368536e+04
3.137265841240368536e+04
3.137265841240368536e+04
3.137265841240368536e+04
3.137265841240368536e+04
3.137265841240368536e+04
3.137265841240368536e+04
3.137265841240368536e+04
3.137265841240368536e+04
3.137265841240368536e+04
3.137265841240368536e+04
3.137265841240368536e+04
3.137265841240368536e+04
3.137265841240368536e+04
3.137265841240368536e+04
3.137265841240368536e+04
3.137265841240368536e+04
3.137265841240368536e+04
3.137265841240368536e+04
3.137265841240368536e+04
3.137265841240368536e+04
3.137265841240368536e+04
3.137265841240368536e+04
3.137265841240368536e+04
3.137265841240368536e+04
3.137265841240368536e+04
3.137265841240368536e+04
3.137265841240368536e+04
3.137265841240368536e+04
3.137265841240368536e+04
3.137265841240368536e+04
3.137265841240368536e+04
3.137265841240368536e+04
3.137265841240368536e+04
3.137265841240368536e+04
3.137265841240368536e+04
3.137265841240368536e+04
3.137265841240368536e+04
3.137265841240368536e+04
3.137265841240368536e+04
3.137265841240368536e+04
3.137265841240368536e+04
3.137265841240368536e+04
3.137265841240368536e+04
3.137265841240368536e+04
3.137265841240368536e+04
3.137265841240368536e+04
3.137265841240368536e+04
3.137265841240368536e+04
3.137265841240368536e+04
3.137265841240368536e+04
3.137265841240368536e+04
3.137265841240368536e+04
3.137265841240368536e+04
3.137265841240368536e+04
3.137265841240368536e+04
3.137265841240368536e+04
3.137265841240368536e+04
3.137265841240368536e+04
3.137265841240368536e+04
3.137265841240368536e+04
3.137265841240368536e+04
3.137265841240368536e+04
3.137265841240368536e+04
3.137265841240368536e+04
3.137265841240368536e+04
3.137265841240368536e+04
3.137265841240368536e+04
3.137265841240368536e+04
3.137265841240368536e+04
3.137265841240368536e+04
3.137265841240368536e+04
3.137265841240368536e+04
3.137265841240368536e+04
3.137265841240368536e+04
3.137265841240368536e+04
3.137265841240368536e+04
3.137265841240368536e+04
3.137265841240368536e+04
3.137265841240368536e+04
3.137265841240368536e+04
3.137265841240368536e+04
3.137265841240368536e+04
3.137265841240368536e+04
3.137265841240368536e+04
3.137265841240368536e+04
3.137265841240368536e+04
3.137265841240368536e+04
3.137265841240368536e+04
3.137265841240368536e+04
3.137265841240368536e+04
3.137265841240368536e+04
3.137265841240368536e+04
3.137265841240368536e+04
3.137265841240368536e+04
3.137265841240368536e+04
3.137265841240368536e+04
3.137265841240368536e+04
3.137265841240368536e+04
3.137265841240368536e+04
3.137265841240368536e+04
3.137265841240368536e+04
3.137265841240368536e+04
3.137265841240368536e+04
3.137265841240368536e+04
3.137265841240368536e+04
